   ------------------------------------------------------------------
  | Welcome to ROOT 6.24/04                        https://root.cern |
  | (c) 1995-2021, The ROOT Team; conception: R. Brun, F. Rademakers |
  | Built for macosxarm64 on Aug 25 2021, 12:59:28                   |
  | From tags/v6-24-04@v6-24-04                                      |
  | With Apple clang version 12.0.5 (clang-1205.0.22.9)              |
  | Try '.help', '.demo', '.license', '.credits', '.quit'/'.q'       |
   ------------------------------------------------------------------


Processing entries.C...
0.1	1626
0.3	1134
0.5	1672
0.7	2286
0.9	2317
1.1	2365
1.3	2247
1.5	2193
1.7	2300
1.9	2281
2.1	2244
2.3	2289
2.5	2264
2.7	2292
2.9	2241
3.1	2249
3.3	2311
3.5	2274
3.7	2289
3.9	2246
4.1	2251
4.3	2217
4.5	2240
4.7	2312
4.9	2283
5.1	2280
5.3	2332
5.5	2329
5.7	2276
5.9	2244
6.1	2302
6.3	2387
6.5	2308
6.7	2317
6.9	2437
7.1	2234
7.3	2295
7.5	2323
7.7	2263
7.9	2380
8.1	2338
8.3	2374
8.5	2325
8.7	2292
8.9	2271
9.1	2332
9.3	2231
9.5	2270
9.7	2246
9.9	2351
10.1	2230
10.3	2235
10.5	2265
10.7	2313
10.9	2310
11.1	2237
11.3	2306
11.5	2279
11.7	2352
11.9	2377
12.1	2415
12.3	2293
12.5	2254
12.7	2225
12.9	2340
13.1	2160
13.3	2272
13.5	2354
13.7	2293
13.9	2330
14.1	2336
14.3	2224
14.5	2222
14.7	2358
14.9	2396
15.1	0
   ------------------------------------------------------------------
  | Welcome to ROOT 6.24/04                        https://root.cern |
  | (c) 1995-2021, The ROOT Team; conception: R. Brun, F. Rademakers |
  | Built for macosxarm64 on Aug 25 2021, 12:59:28                   |
  | From tags/v6-24-04@v6-24-04                                      |
  | With Apple clang version 12.0.5 (clang-1205.0.22.9)              |
  | Try '.help', '.demo', '.license', '.credits', '.quit'/'.q'       |
   ------------------------------------------------------------------


Processing entries.C...
   ------------------------------------------------------------------
  | Welcome to ROOT 6.24/04                        https://root.cern |
  | (c) 1995-2021, The ROOT Team; conception: R. Brun, F. Rademakers |
  | Built for macosxarm64 on Aug 25 2021, 12:59:28                   |
  | From tags/v6-24-04@v6-24-04                                      |
  | With Apple clang version 12.0.5 (clang-1205.0.22.9)              |
  | Try '.help', '.demo', '.license', '.credits', '.quit'/'.q'       |
   ------------------------------------------------------------------


Processing entries.C...
0.1	82892
0.3	83161
0.5	124303
0.7	165714
0.9	165161
1.1	165158
1.3	166061
1.5	166108
1.7	165683
1.9	165216
2.1	166392
2.3	166693
2.5	165485
2.7	166027
2.9	165542
3.1	165403
3.3	165496
3.5	165221
3.7	165547
3.9	166560
4.1	165710
4.3	165416
4.5	165459
4.7	166000
4.9	165780
5.1	165744
5.3	166697
5.5	166128
5.7	166363
5.9	166679
6.1	165425
6.3	166268
6.5	166084
6.7	166025
6.9	165636
7.1	166657
7.3	165737
7.5	165899
7.7	166177
7.9	166216
8.1	165437
8.3	166717
8.5	165481
8.7	166837
8.9	165661
9.1	165229
9.3	165253
9.5	165012
9.7	165805
9.9	165784
10.1	166135
10.3	166292
10.5	165958
10.7	166623
10.9	165957
11.1	166076
11.3	166092
11.5	166162
11.7	165982
11.9	166421
12.1	165288
12.3	166205
12.5	166209
12.7	165959
12.9	166018
13.1	166190
13.3	166275
13.5	166472
13.7	166163
13.9	165649
14.1	166078
14.3	166100
14.5	166308
14.7	166416
14.9	165850
15.1	0
